--------------------------------------------------------------------------------
CPU name:	AMD Ryzen 9 7900X 12-Core Processor            
CPU type:	AMD K19 (Zen4) architecture
CPU stepping:	2
********************************************************************************
Hardware Thread Topology
********************************************************************************
Sockets:		1
CPU dies:		2
Cores per socket:	12
Threads per core:	2
--------------------------------------------------------------------------------
HWThread        Thread        Core        Die        Socket        Available
0               0             0           0          0             *                
1               0             1           0          0             *                
2               0             2           0          0             *                
3               0             3           0          0             *                
4               0             4           0          0             *                
5               0             5           0          0             *                
6               0             6           0          0             *                
7               0             7           0          0             *                
8               0             8           0          0             *                
9               0             9           0          0             *                
10              0             10          0          0             *                
11              0             11          0          0             *                
12              1             0           0          0             *                
13              1             1           0          0             *                
14              1             2           0          0             *                
15              1             3           0          0             *                
16              1             4           0          0             *                
17              1             5           0          0             *                
18              1             6           0          0             *                
19              1             7           0          0             *                
20              1             8           0          0             *                
21              1             9           0          0             *                
22              1             10          0          0             *                
23              1             11          0          0             *                
--------------------------------------------------------------------------------
Socket 0:		( 0 12 1 13 2 14 3 15 4 16 5 17 6 18 7 19 8 20 9 21 10 22 11 23 )
--------------------------------------------------------------------------------
********************************************************************************
Cache Topology
********************************************************************************
Level:			1
Size:			32 kB
Cache groups:		( 0 12 ) ( 1 13 ) ( 2 14 ) ( 3 15 ) ( 4 16 ) ( 5 17 ) ( 6 18 ) ( 7 19 ) ( 8 20 ) ( 9 21 ) ( 10 22 ) ( 11 23 )
--------------------------------------------------------------------------------
Level:			2
Size:			1 MB
Cache groups:		( 0 12 ) ( 1 13 ) ( 2 14 ) ( 3 15 ) ( 4 16 ) ( 5 17 ) ( 6 18 ) ( 7 19 ) ( 8 20 ) ( 9 21 ) ( 10 22 ) ( 11 23 )
--------------------------------------------------------------------------------
Level:			3
Size:			32 MB
Cache groups:		( 0 12 1 13 2 14 3 15 4 16 5 17 ) ( 6 18 7 19 8 20 9 21 10 22 11 23 )
--------------------------------------------------------------------------------
********************************************************************************
NUMA Topology
********************************************************************************
NUMA domains:		1
--------------------------------------------------------------------------------
Domain:			0
Processors:		( 0 12 1 13 2 14 3 15 4 16 5 17 6 18 7 19 8 20 9 21 10 22 11 23 )
Distances:		10
Free memory:		13672.7 MB
Total memory:		31178.7 MB
--------------------------------------------------------------------------------
